 ac ed 00 05 73 72 00 11 6a 61 76 61 2e 75 74 69
 6c 2e 48 61 73 68 4d 61 70 05 07 da c1 c3 16 60
 d1 03 00 02 46 00 0a 6c 6f 61 64 46 61 63 74 6f
 72 49 00 09 74 68 72 65 73 68 6f 6c 64 78 70 3f
 40 00 00 00 00 00 0c 77 08 00 00 00 10 00 00 00
 02 73 72 00 11 6a 61 76 61 2e 6c 61 6e 67 2e 49
 6e 74 65 67 65 72 12 e2 a0 a4 f7 81 87 38 02 00
 01 49 00 05 76 61 6c 75 65 78 72 00 10 6a 61 76
 61 2e 6c 61 6e 67 2e 4e 75 6d 62 65 72 86 ac 95
 1d 0b 94 e0 8b 02 00 00 78 70 0d fb 38 d3 73 72
 00 30 62 67 75 2e 73 70 6c 2e 6d 69 63 73 2e 61
 70 70 6c 69 63 61 74 69 6f 6e 2e 70 61 73 73 69
 76 65 4f 62 6a 65 63 74 73 2e 43 75 73 74 6f 6d
 65 72 8e 87 a8 ec 65 64 6c 40 02 00 07 49 00 0b
 5f 63 72 65 64 69 74 43 61 72 64 49 00 09 5f 64
 69 73 74 61 6e 63 65 49 00 03 5f 69 64 4c 00 08
 5f 61 64 64 72 65 73 73 74 00 12 4c 6a 61 76 61
 2f 6c 61 6e 67 2f 53 74 72 69 6e 67 3b 4c 00 1c
 5f 61 76 61 69 6c 61 62 6c 65 41 6d 6f 75 6e 74
 49 6e 43 72 65 64 69 74 43 61 72 64 74 00 2b 4c
 6a 61 76 61 2f 75 74 69 6c 2f 63 6f 6e 63 75 72
 72 65 6e 74 2f 61 74 6f 6d 69 63 2f 41 74 6f 6d
 69 63 49 6e 74 65 67 65 72 3b 4c 00 05 5f 6e 61
 6d 65 71 00 7e 00 06 4c 00 09 5f 72 65 63 65 69
 70 74 73 74 00 10 4c 6a 61 76 61 2f 75 74 69 6c
 2f 4c 69 73 74 3b 78 70 00 06 eb a0 00 00 00 0c
 0d fb 38 d3 74 00 0e 42 65 65 72 53 68 65 76 61
 20 33 33 33 33 73 72 00 29 6a 61 76 61 2e 75 74
 69 6c 2e 63 6f 6e 63 75 72 72 65 6e 74 2e 61 74
 6f 6d 69 63 2e 41 74 6f 6d 69 63 49 6e 74 65 67
 65 72 56 3f 5e cc 8c 6c 16 8a 02 00 01 49 00 05
 76 61 6c 75 65 78 71 00 7e 00 03 00 0f 41 da 74
 00 06 53 68 72 61 67 61 73 72 00 26 6a 61 76 61
 2e 75 74 69 6c 2e 43 6f 6c 6c 65 63 74 69 6f 6e
 73 24 53 79 6e 63 68 72 6f 6e 69 7a 65 64 4c 69
 73 74 94 63 ef e3 83 44 10 7c 02 00 01 4c 00 04
 6c 69 73 74 71 00 7e 00 08 78 72 00 2c 6a 61 76
 61 2e 75 74 69 6c 2e 43 6f 6c 6c 65 63 74 69 6f
 6e 73 24 53 79 6e 63 68 72 6f 6e 69 7a 65 64 43
 6f 6c 6c 65 63 74 69 6f 6e 2a 61 f8 4d 09 9c 99
 b5 03 00 02 4c 00 01 63 74 00 16 4c 6a 61 76 61
 2f 75 74 69 6c 2f 43 6f 6c 6c 65 63 74 69 6f 6e
 3b 4c 00 05 6d 75 74 65 78 74 00 12 4c 6a 61 76
 61 2f 6c 61 6e 67 2f 4f 62 6a 65 63 74 3b 78 70
 73 72 00 14 6a 61 76 61 2e 75 74 69 6c 2e 4c 69
 6e 6b 65 64 4c 69 73 74 0c 29 53 5d 4a 60 88 22
 03 00 00 78 70 77 04 00 00 00 01 73 72 00 34 62
 67 75 2e 73 70 6c 2e 6d 69 63 73 2e 61 70 70 6c
 69 63 61 74 69 6f 6e 2e 70 61 73 73 69 76 65 4f
 62 6a 65 63 74 73 2e 4f 72 64 65 72 52 65 63 65
 69 70 74 b7 1a ba bb 1f ae f6 1e 02 00 08 49 00
 09 5f 63 75 73 74 6f 6d 65 72 49 00 0b 5f 69 73
 73 75 65 64 54 69 63 6b 49 00 08 5f 6f 72 64 65
 72 49 64 49 00 0a 5f 6f 72 64 65 72 54 69 63 6b
 49 00 06 5f 70 72 69 63 65 49 00 0c 5f 70 72 6f
 63 65 73 73 54 69 63 6b 4c 00 0a 5f 62 6f 6f 6b
 54 69 74 6c 65 71 00 7e 00 06 4c 00 07 5f 73 65
 6c 6c 65 72 71 00 7e 00 06 78 70 0d fb 38 d3 00
 00 00 0c 00 00 00 01 00 00 00 0c 00 00 00 66 00
 00 00 0c 74 00 10 54 68 65 20 48 75 6e 67 65 72
 20 47 61 6d 65 73 74 00 08 73 65 6c 6c 69 6e 67
 32 78 71 00 7e 00 12 78 71 00 7e 00 14 73 71 00
 7e 00 02 07 5b cd 15 73 71 00 7e 00 05 00 01 09
 32 00 00 00 21 07 5b cd 15 74 00 0e 6e 65 73 73
 2d 7a 69 6f 6e 61 20 31 32 33 73 71 00 7e 00 0b
 00 0f 41 80 74 00 05 79 75 76 61 6c 73 71 00 7e
 00 0e 73 71 00 7e 00 13 77 04 00 00 00 02 73 71
 00 7e 00 15 07 5b cd 15 00 00 00 03 00 00 00 01
 00 00 00 03 00 00 00 5a 00 00 00 03 74 00 0b 48
 61 72 72 79 20 50 6f 74 65 72 74 00 08 73 65 6c
 6c 69 6e 67 31 73 71 00 7e 00 15 07 5b cd 15 00
 00 00 03 00 00 00 01 00 00 00 03 00 00 00 66 00
 00 00 03 74 00 10 54 68 65 20 48 75 6e 67 65 72
 20 47 61 6d 65 73 74 00 08 73 65 6c 6c 69 6e 67
 33 78 71 00 7e 00 1e 78 71 00 7e 00 1f 78
